x <- 3
y <- 5
a<-c(3,7,5)
d<-c(5,7,54,2,11,31,58)
d[1]
d[3]
d[-1]
d[-6]
d[-2:-6]


e <- c(3,6,8)
f <- c(4,7,6)
s <- c(4,5,6)
X<- data.frame(e,f,s)

X$e
X$f
X$s
